0.000000 1.707500 2.608100 2.014100 0.701500 0.847900 9.872200 13.854200 3.920100 14.328700 15.849100 15.713900 8.744900 8.783700 8.485700 15.584200 17.527800 16.316200 3.200000 21.272200 20.514500 19.214100 19.557000 20.577900 20.208500 22.272500 22.652800 21.540600 19.295400 19.030200 20.605100 18.921100 20.829200 20.221000 19.999300 18.546500 7.182200 8.089900 20.487400 19.530500 21.463500 20.975500 19.600000 20.616000 16.409200 20.257300 1.385200
1.707500 0.000000 3.577900 1.275200 1.711100 0.904200 9.360800 13.786100 2.473900 13.925700 15.643600 15.468600 8.246700 8.255600 8.176400 15.454500 17.418200 16.072300 2.314200 21.090000 20.163500 18.843900 19.451000 20.274800 20.094100 22.187000 22.546800 21.348100 19.125200 18.852100 20.342900 18.687200 20.602900 19.869000 19.720700 18.226300 6.734100 7.497100 20.293300 19.338900 21.312900 20.705600 19.175700 20.437600 16.309700 19.960000 0.624300
2.608100 3.577900 0.000000 4.459500 2.045700 3.157700 8.141500 11.568500 4.537200 12.353900 13.659300 13.561800 7.052000 7.127900 6.572300 13.331400 15.243400 14.156700 3.193600 19.025200 18.423400 17.151100 17.257900 18.440600 17.912600 19.946100 20.340200 19.300800 17.049000 16.792000 18.430200 16.731600 18.621600 18.132800 17.843000 16.439600 5.533200 6.566900 18.254200 17.300600 19.190100 18.805500 17.589500 18.369100 14.124900 18.116600 3.659500
2.014100 1.275200 4.459500 0.000000 2.418800 1.302100 10.629600 15.050900 3.524800 15.198300 16.917600 16.743500 9.517700 9.524600 9.451000 16.724900 18.687900 17.347200 3.581300 22.364000 21.436900 20.116800 20.720900 21.549500 21.364800 23.456200 23.817400 22.622400 20.398500 20.125700 21.618100 19.962100 21.877800 21.142400 20.995800 19.500900 8.008700 8.762000 21.567500 20.613000 22.585700 21.980800 20.445400 21.711400 17.578300 21.234900 0.835800
0.701500 1.711100 2.045700 2.418800 0.000000 1.117600 9.183800 13.156400 3.550600 13.630500 15.147900 15.012400 8.057100 8.098400 7.786700 14.884500 16.829100 15.614700 2.647500 20.571800 19.813800 18.513900 18.858800 19.876500 19.510100 21.575600 21.955000 20.840000 18.595100 18.329800 19.903600 18.219700 20.128000 19.520400 19.297800 17.845400 6.493300 7.412900 19.786700 18.829800 20.764000 20.274000 18.901500 19.915700 15.710700 19.555900 1.642200
0.847900 0.904200 3.157700 1.302100 1.117600 0.000000 9.777900 13.991100 3.294500 14.300400 15.921900 15.766800 8.652700 8.676500 8.486900 15.693900 17.650000 16.370600 2.840900 21.362400 20.519900 19.208600 19.683100 20.607300 20.331100 22.410900 22.781400 21.625900 19.389700 19.120400 20.655000 18.983500 20.897200 20.225600 20.040500 18.565500 7.106200 7.946400 20.571000 19.614500 21.569400 21.021900 19.567500 20.707500 16.534900 20.289400 0.551800
9.872200 9.360800 8.141500 10.629600 9.183800 9.777900 0.000000 5.195200 7.503000 4.586700 6.544700 6.300100 1.127600 1.105300 1.690100 6.537600 8.462200 6.890400 7.048300 11.920300 10.826600 9.500900 10.443100 10.970800 11.055500 13.165800 13.482400 12.160700 10.003400 9.722000 11.077800 9.473600 11.377700 10.532400 10.443100 8.919900 2.690400 1.882100 11.115700 10.178500 12.189500 11.429900 9.815800 11.281900 7.425100 10.662900 9.916100
13.854200 13.786100 11.568500 15.050900 13.156400 13.991100 5.195200 0.000000 12.334900 2.783800 2.267100 2.342500 6.015200 6.089300 5.713700 1.782300 3.677800 2.836700 11.574900 7.458700 7.102200 5.964300 5.703200 7.011700 6.355600 8.421400 8.798600 7.736500 5.485200 5.233500 6.933700 5.232600 7.081700 6.828500 6.386800 5.150000 7.232400 6.864600 6.695000 5.746400 7.623000 7.312500 6.556500 6.803300 2.558300 6.686600 14.257400
3.920100 2.473900 4.537200 3.524800 3.550600 3.294500 7.503000 12.334900 0.000000 12.081500 13.994700 13.776400 6.451100 6.423700 6.621500 13.897700 15.857900 14.373500 1.412800 19.410400 18.308500 16.979200 17.872600 18.469300 18.500000 20.609400 20.942900 19.655100 17.475800 17.196400 18.580800 16.970200 18.878000 18.015100 17.945800 16.419500 5.102500 5.627000 18.606600 17.663300 19.667100 18.932500 17.253200 18.767400 14.776200 18.163200 3.093400
14.328700 13.925700 12.353900 15.198300 13.630500 14.300400 4.586700 2.783800 12.081500 0.000000 2.388200 2.024300 5.682800 5.685100 5.845100 2.775300 4.322600 2.518900 11.618800 7.418100 6.241700 4.918700 6.124400 6.387900 6.686000 8.768400 9.045600 7.642800 5.576000 5.292800 6.513200 4.962600 6.838000 5.947300 5.873400 4.339100 7.199200 6.468800 6.615600 5.707900 7.721500 6.858300 5.271500 6.798500 3.530400 6.082900 14.468200
15.849100 15.643600 13.659300 16.917600 15.147900 15.921900 6.544700 2.267100 13.994700 2.388200 0.000000 0.400200 7.546700 7.584000 7.468900 0.733700 1.966000 0.576800 13.375800 5.446400 4.850900 3.697300 3.899200 4.798600 4.512000 6.622800 6.948600 5.705800 3.486800 3.210800 4.771000 3.075100 4.980100 4.572800 4.188900 2.885600 8.945600 8.383400 4.650700 3.695500 5.678900 5.146300 4.298800 4.794400 1.174100 4.473000 16.148200
15.713900 15.468600 13.561800 16.743500 15.012400 15.766800 6.300100 2.342500 13.776400 2.024300 0.400200 0.000000 7.325400 7.355800 7.293000 1.062600 2.300400 0.604000 13.190000 5.636700 4.883200 3.672300 4.170300 4.879000 4.765400 6.872200 7.182700 5.887100 3.703600 3.422500 4.891400 3.218900 5.134400 4.597900 4.287800 2.898200 8.752600 8.154800 4.834600 3.887400 5.892000 5.261700 4.230900 4.991300 1.572500 4.555300 15.981500
8.744900 8.246700 7.052000 9.517700 8.057100 8.652700 1.127600 6.015200 6.451100 5.682800 7.546700 7.325400 0.000000 0.157600 0.971900 7.480200 9.429600 7.922800 5.937000 12.960000 11.924200 10.601400 11.433400 12.054100 12.056100 14.166600 14.495200 13.206000 11.025200 10.745600 12.146900 10.523100 12.433800 11.629800 11.516000 10.002800 1.564300 0.850600 12.156500 11.212400 13.216200 12.503000 10.929800 12.316400 8.365000 11.743400 8.797000
8.783700 8.255600 7.127900 9.524600 8.098400 8.676500 1.105300 6.089300 6.423700 5.685100 7.584000 7.355800 0.157600 0.000000 1.128900 7.532200 9.476800 7.951300 5.943200 12.987300 11.926500 10.601900 11.475300 12.064000 12.095300 14.206100 14.531300 13.231400 11.058000 10.777700 12.163100 10.546600 12.455100 11.632200 11.530500 10.012600 1.614900 0.799400 12.183300 11.241400 13.247800 12.517500 10.920800 12.345400 8.418100 11.754500 8.811200
8.485700 8.176400 6.572300 9.451000 7.786700 8.486900 1.690100 5.713700 6.621500 5.845100 7.468900 7.293000 0.971900 1.128900 0.000000 7.308600 9.274300 7.896900 5.909300 12.914900 12.037200 10.731400 11.301600 12.120500 11.939000 14.041100 14.390500 13.172100 10.953200 10.678900 12.173700 10.511800 12.427400 11.743300 11.556100 10.078900 1.519700 1.487800 12.117400 11.163500 13.143200 12.538900 11.115200 12.263200 8.178400 11.802900 8.689400
15.584200 15.454500 13.331400 16.724900 14.884500 15.693900 6.537600 1.782300 13.897700 2.775300 0.733700 1.062600 7.480200 7.532200 7.308600 0.000000 1.965900 1.263300 13.212200 5.695700 5.357000 4.282000 3.996700 5.240100 4.640100 6.734700 7.092600 5.969700 3.718400 3.460800 5.152100 3.452300 5.301800 5.090600 4.611500 3.443700 8.811400 8.327400 4.923100 3.970900 5.879600 5.531000 4.919500 5.039300 0.887500 4.915900 15.942100
17.527800 17.418200 15.243400 18.687900 16.829100 17.650000 8.462200 3.677800 15.857900 4.322600 1.966000 2.300400 9.429600 9.476800 9.274300 1.965900 0.000000 1.846800 15.178100 3.801700 3.933700 3.213900 2.033500 3.660000 2.681600 4.769300 5.131700 4.085900 1.858000 1.642600 3.452200 1.881000 3.499900 3.718400 3.026100 2.409800 10.775700 10.274200 3.067600 2.155800 3.946700 3.823100 3.933600 3.151600 1.119500 3.357000 17.903100
16.316200 16.072300 14.156700 17.347200 15.614700 16.370600 6.890400 2.836700 14.373500 2.518900 0.576800 0.604000 7.922800 7.951300 7.896900 1.263300 1.846800 0.000000 13.792900 5.037400 4.307400 3.129700 3.614000 4.284500 4.194100 6.295100 6.597300 5.285900 3.115300 2.832900 4.288800 2.614900 4.530600 4.025400 3.688300 2.329900 9.355000 8.749800 4.234400 3.290100 5.299100 4.659800 3.723400 4.394100 1.394100 3.960100 16.585400
3.200000 2.314200 3.193600 3.581300 2.647500 2.840900 7.048300 11.574900 1.412800 11.618800 13.375800 13.190000 5.937000 5.943200 5.909300 13.212200 15.178100 13.792900 0.000000 18.820100 17.858900 16.537600 17.207800 17.977600 17.846900 19.946700 20.298900 19.075100 16.861400 16.586400 18.053800 16.406400 18.321800 17.564400 17.428700 15.927800 4.440000 5.182900 18.021000 17.068600 19.052000 18.414600 16.864000 18.169600 14.076300 17.664200 2.887900
21.272200 21.090000 19.025200 22.364000 20.571800 21.362400 11.920300 7.458700 19.410400 7.418100 5.446400 5.636700 12.960000 12.987300 12.914900 5.695700 3.801700 5.037400 18.820100 0.000000 2.242500 3.107100 1.909600 1.668800 1.319400 1.619300 1.725300 0.293400 1.977700 2.242500 1.211900 2.455900 0.717000 2.366300 1.764600 3.228900 14.386000 13.785400 0.804800 1.751500 0.446400 1.140800 3.426700 0.656500 4.911000 1.767700 21.593600
20.514500 20.163500 18.423400 21.436900 19.813800 20.519900 10.826600 7.102200 18.308500 6.241700 4.850900 4.883200 11.924200 11.926500 12.037200 5.357000 3.933700 4.307400 17.858900 2.242500 0.000000 1.330300 3.003200 0.589600 2.838800 3.834400 3.842200 2.254600 2.400500 2.450900 1.088100 2.052800 1.567300 0.294500 0.991300 1.986600 13.431500 12.708100 1.896500 2.087100 2.688600 1.114500 1.292200 2.099800 4.819300 0.688700 20.700700
19.214100 18.843900 17.151100 20.116800 18.513900 19.208600 9.500900 5.964300 16.979200 4.918700 3.697300 3.672300 10.601400 10.601900 10.731400 4.282000 3.213900 3.129700 16.537600 3.107100 1.330300 0.000000 3.047200 1.606000 3.169000 4.715400 4.823900 3.222600 2.274200 2.165000 1.924700 1.549500 2.394800 1.038800 1.348600 0.851800 12.114400 11.381800 2.468800 2.078800 3.530200 2.168900 0.721400 2.702500 3.888500 1.375700 19.384100
19.557000 19.451000 17.257900 20.720900 18.858800 19.683100 10.443100 5.703200 17.872600 6.124400 3.899200 4.170300 11.433400 11.475300 11.301600 3.996700 2.033500 3.614000 17.207800 1.909600 3.003200 3.047200 0.000000 2.497800 0.655300 2.739500 3.098400 2.203000 0.787700 0.990400 2.079200 1.603300 1.870300 2.925900 2.033800 2.643100 12.798900 12.274100 1.362100 0.982200 1.960400 2.362500 3.671000 1.331600 3.148900 2.314500 19.936600
20.577900 20.274800 18.440600 21.549500 19.876500 20.607300 10.970800 7.011700 18.469300 6.387900 4.798600 4.879000 12.054100 12.064000 12.120500 5.240100 3.660000 4.284500 17.977600 1.668800 0.589600 1.606000 2.497800 0.000000 2.276100 3.276000 3.312800 1.707700 1.975800 2.079700 0.499300 1.811800 0.980100 0.703400 0.638200 2.051400 13.540900 12.852400 1.317000 1.647600 2.115000 0.581000 1.779800 1.514000 4.625800 0.325700 20.802800
20.208500 20.094100 17.912600 21.364800 19.510100 20.331100 11.055500 6.355600 18.500000 6.686000 4.512000 4.765400 12.056100 12.095300 11.939000 4.640100 2.681600 4.194100 17.846900 1.319400 2.838800 3.169000 0.655300 2.276100 0.000000 2.110900 2.452700 1.608200 1.142100 1.415200 1.798100 1.922300 1.460200 2.825900 1.958700 2.931600 13.432800 12.894500 0.980300 1.149600 1.314500 2.001100 3.712100 0.852600 3.799400 2.172200 20.582000
22.272500 22.187000 19.946100 23.456200 21.575600 22.410900 13.165800 8.421400 20.609400 8.768400 6.622800 6.872200 14.166600 14.206100 14.041100 6.734700 4.769300 6.295100 19.946700 1.619300 3.834400 4.715400 2.739500 3.276000 2.110900 0.000000 0.458100 1.582100 3.192400 3.475700 2.830900 3.865700 2.335800 3.978000 3.367200 4.757600 15.538300 15.005300 2.288500 3.083100 1.185400 2.719900 5.044300 2.065100 5.878200 3.386900 22.669500
22.652800 22.546800 20.340200 23.817400 21.955000 22.781400 13.482400 8.798600 20.942900 9.045600 6.948600 7.182700 14.495200 14.531300 14.390500 7.092600 5.131700 6.597300 20.298900 1.725300 3.842200 4.823900 3.098400 3.312800 2.452700 0.458100 0.000000 1.609600 3.482400 3.765300 2.905900 4.103900 2.429500 4.014800 3.487800 4.942600 15.882200 15.330700 2.475400 3.338700 1.342700 2.737600 5.092600 2.268100 6.246900 3.464000 23.034200
21.540600 21.348100 19.300800 22.622400 20.840000 21.625900 12.160700 7.736500 19.655100 7.642800 5.705800 5.887100 13.206000 13.231400 13.172100 5.969700 4.085900 5.285900 19.075100 0.293400 2.254600 3.222600 2.203000 1.707700 1.608200 1.582100 1.609600 0.000000 2.251800 2.511200 1.299200 2.687900 0.841800 2.411000 1.902300 3.409600 14.639200 14.028800 1.055100 2.011400 0.530600 1.140600 3.486300 0.934700 5.192300 1.856000 21.854000
19.295400 19.125200 17.049000 20.398500 18.595100 19.389700 10.003400 5.485200 17.475800 5.576000 3.486800 3.703600 11.025200 11.058000 10.953200 3.718400 1.858000 3.115300 16.861400 1.977700 2.400500 2.274200 0.787700 1.975800 1.142100 3.192400 3.482400 2.251800 0.000000 0.283500 1.660900 0.821600 1.645200 2.273400 1.409400 1.860800 12.432400 11.857100 1.213600 0.330900 2.192300 2.012400 2.920900 1.321200 2.947900 1.728300 19.624900
19.030200 18.852100 16.792000 20.125700 18.329800 19.120400 9.722000 5.233500 17.196400 5.292800 3.210800 3.422500 10.745600 10.777700 10.678900 3.460800 1.642600 2.832900 16.586400 2.242500 2.450900 2.165000 0.990400 2.079700 1.415200 3.475700 3.765300 2.511200 0.283500 0.000000 1.819300 0.636500 1.863700 2.293000 1.473900 1.665400 12.156100 11.576800 1.462300 0.517000 2.470700 2.185200 2.841800 1.587100 2.709900 1.804600 19.353400
20.605100 20.342900 18.430200 21.618100 19.903600 20.655000 11.077800 6.933700 18.580800 6.513200 4.771000 4.891400 12.146900 12.163100 12.173700 5.152100 3.452200 4.288800 18.053800 1.211900 1.088100 1.924700 2.079200 0.499300 1.798100 2.830900 2.905900 1.299200 1.660900 1.819300 0.000000 1.703300 0.499500 1.165800 0.645100 2.194100 13.613900 12.956100 0.825800 1.332000 1.653400 0.378900 2.215400 1.015700 4.477000 0.558800 20.862800
18.921100 18.687200 16.731600 19.962100 18.219700 18.983500 9.473600 5.232600 16.970200 4.962600 3.075100 3.218900 10.523100 10.546600 10.511800 3.452300 1.881000 2.614900 16.406400 2.455900 2.052800 1.549500 1.603300 1.811800 1.922300 3.865700 4.103900 2.687900 0.821600 0.636500 1.703300 0.000000 1.915700 1.844100 1.174100 1.040000 11.967600 11.343400 1.653000 0.791600 2.767500 2.081500 2.246100 1.840500 2.814000 1.496000 19.200200
20.829200 20.602900 18.621600 21.877800 20.128000 20.897200 11.377700 7.081700 18.878000 6.838000 4.980100 5.134400 12.433800 12.455100 12.427400 5.301800 3.499900 4.530600 18.321800 0.717000 1.567300 2.394800 1.870300 0.980100 1.460200 2.335800 2.429500 0.841800 1.645200 1.863700 0.499500 1.915700 0.000000 1.663800 1.062100 2.572800 13.882700 13.251000 0.508700 1.346800 1.155100 0.550200 2.714000 0.613000 4.572800 1.051400 21.115500
20.221000 19.869000 18.132800 21.142400 19.520400 20.225600 10.532400 6.828500 18.015100 5.947300 4.572800 4.597900 11.629800 11.632200 11.743300 5.090600 3.718400 4.025400 17.564400 2.366300 0.294500 1.038800 2.925900 0.703400 2.825900 3.978000 4.014800 2.411000 2.273400 2.293000 1.165800 1.844100 1.663800 0.000000 0.892600 1.699800 13.137100 12.414000 1.925300 1.975500 2.811500 1.278200 1.079400 2.143200 4.573800 0.659300 20.406300
19.999300 19.720700 17.843000 20.995800 19.297800 20.040500 10.443100 6.386800 17.945800 5.873400 4.188900 4.287800 11.516000 11.530500 11.556100 4.611500 3.026100 3.688300 17.428700 1.764600 0.991300 1.348600 2.033800 0.638200 1.958700 3.367200 3.487800 1.902300 1.409400 1.473900 0.645100 1.174100 1.062100 0.892600 0.000000 1.549100 12.989400 12.322500 1.136700 1.096700 2.182500 0.987000 1.774400 1.369300 3.987900 0.333200 20.243600
18.546500 18.226300 16.439600 19.500900 17.845400 18.565500 8.919900 5.150000 16.419500 4.339100 2.885600 2.898200 10.002800 10.012600 10.078900 3.443700 2.409800 2.329900 15.927800 3.228900 1.986600 0.851800 2.643100 2.051400 2.931600 4.757600 4.942600 3.409600 1.860800 1.665400 2.194100 1.040000 2.572800 1.699800 1.549100 0.000000 11.492200 10.801400 2.472900 1.782000 3.603000 2.525300 1.547100 2.692700 3.037400 1.743900 18.756500
7.182200 6.734100 5.533200 8.008700 6.493300 7.106200 2.690400 7.232400 5.102500 7.199200 8.945600 8.752600 1.564300 1.614900 1.519700 8.811400 10.775700 9.355000 4.440000 14.386000 13.431500 12.114400 12.798900 13.540900 13.432800 15.538300 15.882200 14.639200 12.432400 12.156100 13.613900 11.967600 13.882700 13.137100 12.989400 11.492200 0.000000 1.065400 13.585700 12.634700 14.624400 13.975100 12.462400 13.736900 9.685300 13.226600 7.269700
8.089900 7.497100 6.566900 8.762000 7.412900 7.946400 1.882100 6.864600 5.627000 6.468800 8.383400 8.154800 0.850600 0.799400 1.487800 8.327400 10.274200 8.749800 5.182900 13.785400 12.708100 11.381800 12.274100 12.852400 12.894500 15.005300 15.330700 14.028800 11.857100 11.576800 12.956100 11.343400 13.251000 12.414000 12.322500 10.801400 1.065400 0.000000 12.981200 12.039900 14.046800 13.309400 11.689100 13.143900 9.212800 12.544100 8.061800
20.487400 20.293300 18.254200 21.567500 19.786700 20.571000 11.115700 6.695000 18.606600 6.615600 4.650700 4.834600 12.156500 12.183300 12.117400 4.923100 3.067600 4.234400 18.021000 0.804800 1.896500 2.468800 1.362100 1.317000 0.980300 2.288500 2.475400 1.055100 1.213600 1.462300 0.825800 1.653000 0.508700 1.925300 1.136700 2.472900 13.585700 12.981200 0.000000 0.957000 1.132800 1.027400 2.903400 0.233700 4.161500 1.267500 20.798900
19.530500 19.338900 17.300600 20.613000 18.829800 19.614500 10.178500 5.746400 17.663300 5.707900 3.695500 3.887400 11.212400 11.241400 11.163500 3.970900 2.155800 3.290100 17.068600 1.751500 2.087100 2.078800 0.982200 1.647600 1.149600 3.083100 3.338700 2.011400 0.330900 0.517000 1.332000 0.791600 1.346800 1.975500 1.096700 1.782000 12.634700 12.039900 0.957000 0.000000 2.016000 1.687500 2.689400 1.104100 3.226800 1.408100 19.843400
21.463500 21.312900 19.190100 22.585700 20.764000 21.569400 12.189500 7.623000 19.667100 7.721500 5.678900 5.892000 13.216200 13.247800 13.143200 5.879600 3.946700 5.299100 19.052000 0.446400 2.688600 3.530200 1.960400 2.115000 1.314500 1.185400 1.342700 0.530600 2.192300 2.470700 1.653400 2.767500 1.155100 2.811500 2.182500 3.603000 14.624400 14.046800 1.132800 2.016000 0.000000 1.583900 3.868700 0.927600 5.065300 2.206100 21.809600
20.975500 20.705600 18.805500 21.980800 20.274000 21.021900 11.429900 7.312500 18.932500 6.858300 5.146300 5.261700 12.503000 12.517500 12.538900 5.531000 3.823100 4.659800 18.414600 1.140800 1.114500 2.168900 2.362500 0.581000 2.001100 2.719900 2.737600 1.140600 2.012400 2.185200 0.378900 2.081500 0.550200 1.278200 0.987000 2.525300 13.975100 13.309400 1.027400 1.687500 1.583900 0.000000 2.357400 1.161300 4.854100 0.804500 21.227300
19.600000 19.175700 17.589500 20.445400 18.901500 19.567500 9.815800 6.556500 17.253200 5.271500 4.298800 4.230900 10.929800 10.920800 11.115200 4.919500 3.933600 3.723400 16.864000 3.426700 1.292200 0.721400 3.671000 1.779800 3.712100 5.044300 5.092600 3.486300 2.920900 2.841800 2.215400 2.246100 2.714000 1.079400 1.774400 1.547100 12.462400 11.689100 2.903400 2.689400 3.868700 2.357400 0.000000 3.132900 4.577000 1.666500 19.726000
20.616000 20.437600 18.369100 21.711400 19.915700 20.707500 11.281900 6.803300 18.767400 6.798500 4.794400 4.991300 12.316400 12.345400 12.263200 5.039300 3.151600 4.394100 18.169600 0.656500 2.099800 2.702500 1.331600 1.514000 0.852600 2.065100 2.268100 0.934700 1.321200 1.587100 1.015700 1.840500 0.613000 2.143200 1.369300 2.692700 13.736900 13.143900 0.233700 1.104100 0.927600 1.161300 3.132900 0.000000 4.257700 1.488200 20.940000
16.409200 16.309700 14.124900 17.578300 15.710700 16.534900 7.425100 2.558300 14.776200 3.530400 1.174100 1.572500 8.365000 8.418100 8.178400 0.887500 1.119500 1.394100 14.076300 4.911000 4.819300 3.888500 3.148900 4.625800 3.799400 5.878200 6.246900 5.192300 2.947900 2.709900 4.477000 2.814000 4.572800 4.573800 3.987900 3.037400 9.685300 9.212800 4.161500 3.226800 5.065300 4.854100 4.577000 4.257700 0.000000 4.308600 16.791300
20.257300 19.960000 18.116600 21.234900 19.555900 20.289400 10.662900 6.686600 18.163200 6.082900 4.473000 4.555300 11.743400 11.754500 11.802900 4.915900 3.357000 3.960100 17.664200 1.767700 0.688700 1.375700 2.314500 0.325700 2.172200 3.386900 3.464000 1.856000 1.728300 1.804600 0.558800 1.496000 1.051400 0.659300 0.333200 1.743900 13.226600 12.544100 1.267500 1.408100 2.206100 0.804500 1.666500 1.488200 4.308600 0.000000 20.486800
1.385200 0.624300 3.659500 0.835800 1.642200 0.551800 9.916100 14.257400 3.093400 14.468200 16.148200 15.981500 8.797000 8.811200 8.689400 15.942100 17.903100 16.585400 2.887900 21.593600 20.700700 19.384100 19.936600 20.802800 20.582000 22.669500 23.034200 21.854000 19.624900 19.353400 20.862800 19.200200 21.115500 20.406300 20.243600 18.756500 7.269700 8.061800 20.798900 19.843400 21.809600 21.227300 19.726000 20.940000 16.791300 20.486800 0.000000
