0.000000 5.891000 5.630600 3.547400 3.522500 2.223800 3.216600 2.851900 3.167700 4.249300 4.908800 1.799100 5.290600 4.770700 4.937100 5.678200 5.510400 6.611700 4.623100 5.120300 5.730900 5.327200 4.469700 4.339100 4.635100 4.989700 4.157000 4.198900 7.821900 6.084500 6.080100 4.512800 5.565500 8.115200 4.174300 1.383800 5.390900 4.006500 5.404500 5.689400 4.476700 5.854600 5.635200 5.766100 4.975300 6.257200 6.433800 6.037200 5.553200 4.576900 4.824300
5.891000 0.000000 0.261100 3.324700 2.606500 3.706600 3.068600 3.121500 3.775900 4.939700 1.837500 4.276300 3.904300 4.062100 1.503000 4.430200 3.634600 4.699700 3.811600 3.998500 3.279100 3.874000 5.811100 4.459500 5.035300 4.151700 3.839300 3.299000 2.483600 0.993600 4.206300 3.044600 3.213900 3.619400 2.420500 4.566200 3.339000 3.348700 3.136100 4.568200 4.221100 4.048900 4.268000 4.439700 3.710100 4.033600 3.924100 3.994800 3.928600 4.399800 3.608900
5.630600 0.261100 0.000000 3.096600 2.354700 3.445600 2.819600 2.861500 3.540700 4.745900 1.665500 4.016300 3.770000 3.897400 1.315700 4.309100 3.518300 4.626800 3.640500 3.853100 3.185400 3.742300 5.616100 4.272300 4.855400 3.997500 3.644900 3.103300 2.658500 1.037900 4.114600 2.865100 3.108800 3.720700 2.202600 4.305100 3.219000 3.143200 3.019800 4.444900 4.041100 3.946700 4.147800 4.323400 3.559200 3.958500 3.865000 3.905900 3.809900 4.223200 3.449800
3.547400 3.324700 3.096600 0.000000 0.995000 1.683700 0.674900 1.301700 0.492000 1.858200 1.669200 1.782600 1.916000 1.551600 1.886300 2.435100 2.037800 3.277600 1.302100 1.806400 2.195000 1.937800 2.671900 1.515000 2.108000 1.769700 0.935500 0.686000 4.539500 3.030800 2.690300 0.966400 2.027600 4.602900 0.922000 2.241400 1.870800 0.505300 1.863200 2.501400 1.429700 2.451500 2.337500 2.508300 1.569500 2.803400 2.943200 2.598500 2.153300 1.617100 1.396500
3.522500 2.606500 2.354700 0.995000 0.000000 1.323100 0.474800 0.701900 1.297100 2.853100 1.402000 1.761300 2.665100 2.432000 1.418000 3.233700 2.666300 3.971200 2.156700 2.610700 2.661100 2.671800 3.658400 2.496700 3.096700 2.629800 1.882400 1.459700 4.299600 2.586300 3.367800 1.529300 2.499000 4.688400 0.768800 2.139100 2.420800 1.354400 2.331600 3.324300 2.378600 3.131600 3.109800 3.294000 2.326400 3.403200 3.479000 3.229900 2.858800 2.572500 2.153200
2.223800 3.706600 3.445600 1.683700 1.323100 0.000000 1.125200 0.631200 1.547100 3.178400 2.724900 0.632500 3.599400 3.202400 2.722200 4.107500 3.709500 4.961300 2.972100 3.483100 3.813100 3.621500 3.795600 3.009200 3.520200 3.426700 2.557100 2.363900 5.608400 3.861000 4.372900 2.588200 3.645100 5.998800 2.040200 0.861000 3.517200 2.188700 3.475800 4.164500 3.014900 4.133700 4.016700 4.183600 3.253100 4.474400 4.597200 4.274800 3.836500 3.179400 3.080200
3.216600 3.068600 2.819600 0.674900 0.474800 1.125200 0.000000 0.638700 0.853600 2.484800 1.707600 1.420300 2.542000 2.218400 1.798500 3.082800 2.612600 3.890900 1.959900 2.452000 2.691300 2.557900 3.256400 2.178600 2.760800 2.432500 1.610400 1.294700 4.642300 2.981400 3.293500 1.475700 2.523700 4.911100 0.957700 1.842800 2.404500 1.142400 2.354200 3.157000 2.104300 3.053900 2.975700 3.152100 2.194500 3.373100 3.483800 3.180800 2.763800 2.290700 2.018700
2.851900 3.121500 2.861500 1.301700 0.701900 0.631200 0.638700 0.000000 1.352400 3.034700 2.102000 1.154800 3.179700 2.852200 2.091100 3.721400 3.239900 4.525400 2.596800 3.090600 3.291700 3.194900 3.753400 2.773500 3.337200 3.068200 2.233600 1.932900 4.977200 3.233000 3.926300 2.096900 3.125700 5.389800 1.448800 1.477300 3.020800 1.780500 2.956300 3.794900 2.722100 3.687000 3.614200 3.790800 2.832400 3.996300 4.096300 3.808400 3.398900 2.903900 2.656600
3.167700 3.775900 3.540700 0.492000 1.297100 1.547100 0.853600 1.352400 0.000000 1.683500 2.159300 1.475300 2.154900 1.691700 2.364700 2.611700 2.346100 3.509300 1.493800 2.007100 2.570000 2.186300 2.414800 1.463900 1.997900 1.918100 1.043700 1.040300 5.027900 3.518800 2.946800 1.380600 2.406700 5.049100 1.402300 1.933700 2.224900 0.849300 2.250000 2.653900 1.473800 2.713900 2.539500 2.693300 1.824200 3.100700 3.268400 2.884600 2.410900 1.633400 1.665300
4.249300 4.939700 4.745900 1.858200 2.853100 3.178400 2.484800 3.034700 1.683500 0.000000 3.111700 2.922900 1.621900 1.095200 3.436800 1.688700 2.003100 2.602000 1.231000 1.409300 2.446800 1.675100 0.871700 0.506200 0.385900 1.189400 1.101000 1.642700 5.482500 4.388700 2.230100 1.911500 2.348500 5.021100 2.581800 3.326700 2.114600 1.620600 2.277000 1.636600 0.788600 2.076100 1.727600 1.777300 1.520700 2.513400 2.767300 2.298000 1.847100 0.683500 1.511800
4.908800 1.837500 1.665500 1.669200 1.402000 2.724900 1.707600 2.102000 2.159300 3.111700 0.000000 3.122300 2.138000 2.231900 0.365400 2.700400 1.936400 3.165000 1.976100 2.201900 1.700700 2.116100 3.983300 2.625400 3.197900 2.336400 2.015600 1.482300 2.936100 1.364600 2.597500 1.207700 1.581500 3.303600 0.777100 3.526100 1.634300 1.560100 1.455200 2.829500 2.383800 2.398200 2.543000 2.726300 1.902500 2.510900 2.491700 2.405600 2.214500 2.562400 1.786400
1.799100 4.276300 4.016300 1.782600 1.761300 0.632500 1.420300 1.154800 1.475300 2.922900 3.122300 0.000000 3.628600 3.161400 3.177700 4.082900 3.801100 4.984600 2.969100 3.482300 3.977500 3.658800 3.429900 2.852100 3.291500 3.387500 2.516400 2.457800 6.050200 4.347100 4.419500 2.746600 3.810100 6.317300 2.377500 0.461200 3.651000 2.267700 3.645100 4.119200 2.917700 4.185200 4.014200 4.165700 3.294100 4.562600 4.716900 4.350100 3.882400 3.057000 3.130900
5.290600 3.904300 3.770000 1.916000 2.665100 3.599400 2.542000 3.179700 2.154900 1.621900 2.138000 3.628600 0.000000 0.574600 2.503300 0.583300 0.391500 1.363300 0.667600 0.214100 0.859500 0.053300 2.350300 1.183300 1.464600 0.432700 1.133600 1.247500 3.945700 3.142900 0.792400 1.147100 0.805500 3.399200 2.018300 4.088200 0.601100 1.412300 0.806000 0.699200 0.923500 0.564100 0.445900 0.632800 0.347800 0.983200 1.201400 0.757900 0.265400 0.948000 0.523300
4.770700 4.062100 3.897400 1.551600 2.432000 3.202400 2.218400 2.852200 1.691700 1.095200 2.231900 3.161400 0.574600 0.000000 2.587300 0.921600 0.926000 1.841600 0.281700 0.368800 1.354200 0.624000 1.895700 0.621200 1.025400 0.226400 0.649100 0.975700 4.394400 3.403500 1.324400 1.057500 1.253400 3.946500 1.905800 3.615500 1.019600 1.085300 1.187300 0.963900 0.349700 1.116100 0.864700 1.005300 0.428600 1.549300 1.775100 1.323700 0.833600 0.413500 0.462200
4.937100 1.503000 1.315700 1.886300 1.418000 2.722200 1.798500 2.091100 2.364700 3.436800 0.365400 3.177700 2.503300 2.587300 0.000000 3.064900 2.297200 3.510000 2.326900 2.566100 2.042300 2.481300 4.308100 2.958500 3.539700 2.697500 2.336300 1.796200 2.886300 1.183400 2.950100 1.549400 1.931100 3.420600 0.964300 3.555000 1.994600 1.852000 1.811400 3.194500 2.725400 2.755300 2.907100 3.089900 2.265700 2.850500 2.816100 2.754700 2.577400 2.907700 2.146200
5.678200 4.430200 4.309100 2.435100 3.233700 4.107500 3.082800 3.721400 2.611700 1.688700 2.700400 4.082900 0.583300 0.921600 3.064900 0.000000 0.797800 0.943800 1.135500 0.630800 1.217900 0.592700 2.242900 1.380300 1.411900 0.696000 1.568100 1.792600 4.231500 3.621100 0.565500 1.726500 1.234900 3.485300 2.600600 4.537100 1.091400 1.941500 1.294500 0.143500 1.202600 0.500500 0.162600 0.090700 0.907900 0.878000 1.146900 0.699300 0.502500 1.127500 1.080400
5.510400 3.634600 3.518300 2.037800 2.666300 3.709500 2.612600 3.239900 2.346100 2.003100 1.936400 3.801100 0.391500 0.926000 2.297200 0.797800 0.000000 1.307800 0.933700 0.596300 0.471400 0.339200 2.741800 1.546700 1.856000 0.818600 1.384800 1.351800 3.557900 2.826300 0.705300 1.145000 0.444400 3.022000 1.958600 4.262300 0.302700 1.537200 0.498800 0.938500 1.272800 0.477500 0.635300 0.805500 0.559700 0.765700 0.923700 0.568500 0.295500 1.322800 0.689300
6.611700 4.699700 4.626800 3.277600 3.971200 4.961300 3.890900 4.525400 3.509300 2.602000 3.165000 4.984600 1.363300 1.841600 3.510000 0.943800 1.307800 0.000000 2.015500 1.503000 1.467900 1.339900 3.041900 2.323200 2.287600 1.622200 2.472100 2.601900 3.968800 3.782700 0.603500 2.443900 1.584800 2.939100 3.265500 5.442600 1.579000 2.772800 1.724000 0.967800 2.142500 0.840400 0.977000 0.853500 1.708300 0.668500 0.803500 0.764600 1.127400 2.070900 1.881200
4.623100 3.811600 3.640500 1.302100 2.156700 2.972100 1.959900 2.596800 1.493800 1.231000 1.976100 2.969100 0.667600 0.281700 2.326900 1.135500 0.933700 2.015500 0.000000 0.514700 1.298800 0.704500 2.074900 0.726000 1.235300 0.475000 0.466400 0.697600 4.261300 3.185500 1.459000 0.785100 1.171400 3.907500 1.624800 3.427400 0.940000 0.819200 1.072000 1.199400 0.443500 1.231500 1.049300 1.211800 0.374000 1.641500 1.841000 1.418300 0.930400 0.596100 0.291400
5.120300 3.998500 3.853100 1.806400 2.610700 3.483100 2.452000 3.090600 2.007100 1.409300 2.201900 3.482300 0.214100 0.368800 2.566100 0.630800 0.596300 1.503000 0.514700 0.000000 1.055500 0.266800 2.150900 0.969800 1.264700 0.222300 0.969600 1.162800 4.135300 3.270900 0.962600 1.126700 0.984100 3.612100 2.004800 3.939900 0.763500 1.310900 0.958800 0.713500 0.714300 0.748600 0.534800 0.702000 0.306800 1.180500 1.407800 0.954800 0.465400 0.734000 0.464200
5.730900 3.279100 3.185400 2.195000 2.661100 3.813100 2.691300 3.291700 2.570000 2.446800 1.700700 3.977500 0.859500 1.354200 2.042300 1.217900 0.471400 1.467900 1.298800 1.055500 0.000000 0.808500 3.206300 1.972100 2.320100 1.276700 1.706900 1.532400 3.086800 2.421200 0.929200 1.233900 0.168300 2.608900 1.906700 4.435800 0.363500 1.724700 0.337200 1.361400 1.689100 0.776500 1.059800 1.204100 0.942500 0.810300 0.824100 0.721800 0.737800 1.763300 1.015800
5.327200 3.874000 3.742300 1.937800 2.671800 3.621500 2.557900 3.194900 2.186300 1.675100 2.116100 3.658800 0.053300 0.624000 2.481300 0.592700 0.339200 1.339900 0.704500 0.266800 0.808500 0.000000 2.402800 1.235000 1.517300 0.486000 1.170900 1.264700 3.895100 3.105200 0.760800 1.148900 0.758500 3.346000 2.015700 4.118800 0.559300 1.433100 0.765500 0.714900 0.973400 0.528300 0.447000 0.635300 0.368600 0.940200 1.154200 0.715600 0.226000 1.000700 0.541700
4.469700 5.811100 5.616100 2.671900 3.658400 3.795600 3.256400 3.753400 2.414800 0.871700 3.983300 3.429900 2.350300 1.895700 4.308100 2.242900 2.741800 3.041900 2.074900 2.150900 3.206300 2.402800 0.000000 1.365600 0.886200 1.930800 1.971900 2.513000 6.281600 5.252300 2.808400 2.781500 3.129300 5.707800 3.442800 3.776000 2.900500 2.482600 3.079300 2.146800 1.633200 2.706500 2.331100 2.319800 2.322600 3.118800 3.386000 2.924400 2.534200 1.489400 2.342100
4.339100 4.459500 4.272300 1.515000 2.496700 3.009200 2.178600 2.773500 1.463900 0.506200 2.625400 2.852100 1.183300 0.621200 2.958500 1.380300 1.546700 2.323200 0.726000 0.969800 1.972100 1.235000 1.365600 0.000000 0.607400 0.764700 0.644500 1.178900 4.983800 3.887200 1.874000 1.419300 1.863800 4.567700 2.139700 3.286700 1.629300 1.189300 1.782900 1.366600 0.287400 1.690300 1.378800 1.470900 1.033600 2.130500 2.370100 1.907400 1.430000 0.254000 1.010200
4.635100 5.035300 4.855400 2.108000 3.096700 3.520200 2.760800 3.337200 1.997900 0.385900 3.197900 3.291500 1.464600 1.025400 3.539700 1.411900 1.856000 2.287600 1.235300 1.264700 2.320100 1.517300 0.886200 0.607400 0.000000 1.044900 1.250600 1.778800 5.397300 4.419100 1.971900 1.991100 2.244500 4.837200 2.743700 3.702000 2.017000 1.796500 2.199300 1.337900 0.814400 1.846600 1.478400 1.495900 1.446800 2.272100 2.535100 2.067600 1.655700 0.639400 1.482900
4.989700 4.151700 3.997500 1.769700 2.629800 3.426700 2.432500 3.068200 1.918100 1.189400 2.336400 3.387500 0.432700 0.226400 2.697500 0.696000 0.818600 1.622200 0.475000 0.222300 1.276700 0.486000 1.930800 0.764700 1.044900 0.000000 0.875400 1.170100 4.352900 3.451400 1.122900 1.203100 1.200200 3.831800 2.071200 3.841200 0.975100 1.293600 1.164300 0.738300 0.531200 0.928000 0.647200 0.780600 0.444200 1.367300 1.605400 1.143400 0.666600 0.520500 0.552700
4.157000 3.839300 3.644900 0.935500 1.882400 2.557100 1.610400 2.233600 1.043700 1.101000 2.015600 2.516400 1.133600 0.649100 2.336300 1.568100 1.384800 2.472100 0.466400 0.969600 1.706900 1.170900 1.971900 0.644500 1.250600 0.875400 0.000000 0.541900 4.546100 3.318700 1.923900 0.832500 1.562800 4.301300 1.495700 2.972500 1.343500 0.547300 1.436900 1.612900 0.497600 1.697700 1.498400 1.649800 0.829500 2.106800 2.301200 1.884200 1.396800 0.690200 0.701500
4.198900 3.299000 3.103300 0.686000 1.459700 2.363900 1.294700 1.932900 1.040300 1.642700 1.482300 2.457800 1.247500 0.975700 1.796200 1.792600 1.351800 2.601900 0.697600 1.162800 1.532400 1.264700 2.513000 1.178900 1.778800 1.170100 0.541900 0.000000 4.127600 2.807400 2.009700 0.369100 1.367800 4.027900 0.967700 2.918400 1.194900 0.192400 1.209800 1.873900 0.982700 1.770300 1.681600 1.859600 0.899800 2.117400 2.260200 1.913100 1.474900 1.177500 0.724200
7.821900 2.483600 2.658500 4.539500 4.299600 5.608400 4.642300 4.977200 5.027900 5.482500 2.936100 6.050200 3.945700 4.394400 2.886300 4.231500 3.557900 3.968800 4.261300 4.135300 3.086800 3.895100 6.281600 4.983800 5.397300 4.352900 4.546100 4.127600 0.000000 1.799000 3.752700 3.761600 3.152800 1.503400 3.706500 6.438700 3.381200 4.277500 3.207200 4.368800 4.696800 3.733100 4.090600 4.189900 3.965800 3.453600 3.214700 3.559200 3.805400 4.807400 3.973800
6.084500 0.993600 1.037900 3.030800 2.586300 3.861000 2.981400 3.233000 3.518800 4.388700 1.364600 4.347100 3.142900 3.403500 1.183400 3.621100 2.826300 3.782700 3.185500 3.270900 2.421200 3.105200 5.252300 3.887200 4.419100 3.451400 3.318700 2.807400 1.799000 0.000000 3.329300 2.486700 2.386200 2.695800 2.120400 4.708700 2.548800 2.907400 2.341500 3.763300 3.621700 3.197300 3.459100 3.617800 3.008900 3.125800 2.990700 3.114400 3.121100 3.781100 2.941300
6.080100 4.206300 4.114600 2.690300 3.367800 4.372900 3.293500 3.926300 2.946800 2.230100 2.597500 4.419500 0.792400 1.324400 2.950100 0.565500 0.705300 0.603500 1.459000 0.962600 0.929200 0.760800 2.808400 1.874000 1.971900 1.122900 1.923900 2.009700 3.752700 3.329300 0.000000 1.840900 1.019700 2.931100 2.663900 4.879500 0.984500 2.185000 1.143900 0.671400 1.654000 0.239600 0.502700 0.491000 1.127000 0.319300 0.588200 0.215300 0.538300 1.621000 1.295600
4.512800 3.044600 2.865100 0.966400 1.529300 2.588200 1.475700 2.096900 1.380600 1.911500 1.207700 2.746600 1.147100 1.057500 1.549400 1.726500 1.145000 2.443900 0.785100 1.126700 1.233900 1.148900 2.781500 1.419300 1.991100 1.203100 0.832500 0.369100 3.761600 2.486700 1.840900 0.000000 1.065700 3.671100 0.878200 3.203700 0.929500 0.541200 0.899200 1.830000 1.176700 1.603600 1.592900 1.779800 0.824400 1.899400 2.009500 1.712900 1.329800 1.358300 0.664000
5.565500 3.213900 3.108800 2.027600 2.499000 3.645100 2.523700 3.125700 2.406700 2.348500 1.581500 3.810100 0.805500 1.253400 1.931100 1.234900 0.444400 1.584800 1.171400 0.984100 0.168300 0.758500 3.129300 1.863800 2.244500 1.200200 1.562800 1.367800 3.152800 2.386200 1.019700 1.065700 0.000000 2.741300 1.748300 4.268100 0.234600 1.560000 0.169600 1.377200 1.578000 0.838100 1.073000 1.233400 0.830200 0.942000 0.981100 0.824200 0.736200 1.666300 0.882900
8.115200 3.619400 3.720700 4.602900 4.688400 5.998800 4.911100 5.389800 5.049100 5.021100 3.303600 6.317300 3.399200 3.946500 3.420600 3.485300 3.022000 2.939100 3.907500 3.612100 2.608900 3.346000 5.707800 4.567700 4.837200 3.831800 4.301300 4.027900 1.503400 2.695800 2.931100 3.671100 2.741300 0.000000 3.962000 6.752500 2.968600 4.210800 2.865200 3.601500 4.289800 3.003500 3.380900 3.419100 3.548700 2.612100 2.342900 2.789300 3.183700 4.344000 3.622500
4.174300 2.420500 2.202600 0.922000 0.768800 2.040200 0.957700 1.448800 1.402300 2.581800 0.777100 2.377500 2.018300 1.905800 0.964300 2.600600 1.958600 3.265500 1.624800 2.004800 1.906700 2.015700 3.442800 2.139700 2.743700 2.071200 1.495700 0.967700 3.706500 2.120400 2.663900 0.878200 1.748300 3.962000 0.000000 2.798700 1.692700 0.961200 1.583800 2.706900 1.950100 2.433600 2.462300 2.650300 1.702400 2.670600 2.729200 2.510300 2.180300 2.144300 1.541500
1.383800 4.566200 4.305100 2.241400 2.139100 0.861000 1.842800 1.477300 1.933700 3.326700 3.526100 0.461200 4.088200 3.615500 3.555000 4.537100 4.262300 5.442600 3.427400 3.939900 4.435800 4.118800 3.776000 3.286700 3.702000 3.841200 2.972500 2.918400 6.438700 4.708700 4.879500 3.203700 4.268100 6.752500 2.798700 0.000000 4.111000 2.728600 4.102600 4.570500 3.364400 4.645500 4.470900 4.620500 3.754600 5.023800 5.177800 4.811100 4.342700 3.498300 3.591700
5.390900 3.339000 3.219000 1.870800 2.420800 3.517200 2.404500 3.020800 2.224900 2.114600 1.634300 3.651000 0.601100 1.019600 1.994600 1.091400 0.302700 1.579000 0.940000 0.763500 0.363500 0.559300 2.900500 1.629300 2.017000 0.975100 1.343500 1.194900 3.381200 2.548800 0.984500 0.929500 0.234600 2.968600 1.692700 4.111000 0.000000 1.386700 0.207200 1.229300 1.343400 0.769200 0.929400 1.104700 0.595700 0.982400 1.080100 0.818400 0.590900 1.432800 0.653900
4.006500 3.348700 3.143200 0.505300 1.354400 2.188700 1.142400 1.780500 0.849300 1.620600 1.560100 2.267700 1.412300 1.085300 1.852000 1.941500 1.537200 2.772800 0.819200 1.310900 1.724700 1.433100 2.482600 1.189300 1.796500 1.293600 0.547300 0.192400 4.277500 2.907400 2.185000 0.541200 1.560000 4.210800 0.961200 2.728600 1.386700 0.000000 1.401600 2.014700 1.032400 1.946200 1.838300 2.012100 1.065100 2.302000 2.449300 2.095100 1.648000 1.228200 0.891600
5.404500 3.136100 3.019800 1.863200 2.331600 3.475800 2.354200 2.956300 2.250000 2.277000 1.455200 3.645100 0.806000 1.187300 1.811400 1.294500 0.498800 1.724000 1.072000 0.958800 0.337200 0.765500 3.079300 1.782900 2.199300 1.164300 1.436900 1.209800 3.207200 2.341500 1.143900 0.899200 0.169600 2.865200 1.583800 4.102600 0.207200 1.401600 0.000000 1.433600 1.495500 0.943900 1.132200 1.304300 0.758700 1.094700 1.147500 0.959500 0.792500 1.600200 0.780600
5.689400 4.568200 4.444900 2.501400 3.324300 4.164500 3.157000 3.794900 2.653900 1.636600 2.829500 4.119200 0.699200 0.963900 3.194500 0.143500 0.938500 0.967800 1.199400 0.713500 1.361400 0.714900 2.146800 1.366600 1.337900 0.738300 1.612900 1.873900 4.368800 3.763300 0.671400 1.830000 1.377200 3.601500 2.706900 4.570500 1.229300 2.014700 1.433600 0.000000 1.215100 0.635800 0.304300 0.183500 1.006200 0.989600 1.259100 0.824800 0.643000 1.118300 1.174300
4.476700 4.221100 4.041100 1.429700 2.378600 3.014900 2.104300 2.722100 1.473800 0.788600 2.383800 2.917700 0.923500 0.349700 2.725400 1.202600 1.272800 2.142500 0.443500 0.714300 1.689100 0.973400 1.633200 0.287400 0.814400 0.531200 0.497600 0.982700 4.696800 3.621700 1.654000 1.176700 1.578000 4.289800 1.950100 3.364400 1.343400 1.032400 1.495500 1.215100 0.000000 1.455100 1.174000 1.291400 0.748300 1.891900 2.122100 1.666700 1.179700 0.196100 0.723700
5.854600 4.048900 3.946700 2.451500 3.131600 4.133700 3.053900 3.687000 2.713900 2.076100 2.398200 4.185200 0.564100 1.116100 2.755300 0.500500 0.477500 0.840400 1.231500 0.748600 0.776500 0.528300 2.706500 1.690300 1.846600 0.928000 1.697700 1.770300 3.733100 3.197300 0.239600 1.603600 0.838100 3.003500 2.433600 4.645500 0.769200 1.946200 0.943900 0.635800 1.455100 0.000000 0.377800 0.457800 0.891200 0.440500 0.691700 0.222200 0.303000 1.440500 1.058000
5.635200 4.268000 4.147800 2.337500 3.109800 4.016700 2.975700 3.614200 2.539500 1.727600 2.543000 4.014200 0.445900 0.864700 2.907100 0.162600 0.635300 0.977000 1.049300 0.534800 1.059800 0.447000 2.331100 1.378800 1.478400 0.647200 1.498400 1.681600 4.090600 3.459100 0.502700 1.592900 1.073000 3.380900 2.462300 4.470900 0.929400 1.838300 1.132200 0.304300 1.174000 0.377800 0.000000 0.188400 0.785400 0.793800 1.057400 0.593300 0.339900 1.124900 0.960700
5.766100 4.439700 4.323400 2.508300 3.294000 4.183600 3.152100 3.790800 2.693300 1.777300 2.726300 4.165700 0.632800 1.005300 3.089900 0.090700 0.805500 0.853500 1.211800 0.702000 1.204100 0.635300 2.319800 1.470900 1.495900 0.780600 1.649800 1.859600 4.189900 3.617800 0.491000 1.779800 1.233400 3.419100 2.650300 4.620500 1.104700 2.012100 1.304300 0.183500 1.291400 0.457800 0.188400 0.000000 0.967800 0.807900 1.077400 0.641600 0.514200 1.218000 1.142200
4.975300 3.710100 3.559200 1.569500 2.326400 3.253100 2.194500 2.832400 1.824200 1.520700 1.902500 3.294100 0.347800 0.428600 2.265700 0.907900 0.559700 1.708300 0.374000 0.306800 0.942500 0.368600 2.322600 1.033600 1.446800 0.444200 0.829500 0.899800 3.965800 3.008900 1.127000 0.824400 0.830200 3.548700 1.702400 3.754600 0.595700 1.065100 0.758700 1.006200 0.748300 0.891200 0.785400 0.967800 0.000000 1.282000 1.471700 1.062400 0.588800 0.841700 0.175800
6.257200 4.033600 3.958500 2.803400 3.403200 4.474400 3.373100 3.996300 3.100700 2.513400 2.510900 4.562600 0.983200 1.549300 2.850500 0.878000 0.765700 0.668500 1.641500 1.180500 0.810300 0.940200 3.118800 2.130500 2.272100 1.367300 2.106800 2.117400 3.453600 3.125800 0.319300 1.899400 0.942000 2.612100 2.670600 5.023800 0.982400 2.302000 1.094700 0.989600 1.891900 0.440500 0.793800 0.807900 1.282000 0.000000 0.269500 0.225800 0.718200 1.881000 1.435500
6.433800 3.924100 3.865000 2.943200 3.479000 4.597200 3.483800 4.096300 3.268400 2.767300 2.491700 4.716900 1.201400 1.775100 2.816100 1.146900 0.923700 0.803500 1.841000 1.407800 0.824100 1.154200 3.386000 2.370100 2.535100 1.605400 2.301200 2.260200 3.214700 2.990700 0.588200 2.009500 0.981100 2.342900 2.729200 5.177800 1.080100 2.449300 1.147500 1.259100 2.122100 0.691700 1.057400 1.077400 1.471700 0.269500 0.000000 0.469500 0.942500 2.123800 1.612100
6.037200 3.994800 3.905900 2.598500 3.229900 4.274800 3.180800 3.808400 2.884600 2.298000 2.405600 4.350100 0.757900 1.323700 2.754700 0.699300 0.568500 0.764600 1.418300 0.954800 0.721800 0.715600 2.924400 1.907400 2.067600 1.143400 1.884200 1.913100 3.559200 3.114400 0.215300 1.712900 0.824200 2.789300 2.510300 4.811100 0.818400 2.095100 0.959500 0.824800 1.666700 0.222200 0.593300 0.641600 1.062400 0.225800 0.469500 0.000000 0.492700 1.659000 1.219800
5.553200 3.928600 3.809900 2.153300 2.858800 3.836500 2.763800 3.398900 2.410900 1.847100 2.214500 3.882400 0.265400 0.833600 2.577400 0.502500 0.295500 1.127400 0.930400 0.465400 0.737800 0.226000 2.534200 1.430000 1.655700 0.666600 1.396800 1.474900 3.805400 3.121100 0.538300 1.329800 0.736200 3.183700 2.180300 4.342700 0.590900 1.648000 0.792500 0.643000 1.179700 0.303000 0.339900 0.514200 0.588800 0.718200 0.942500 0.492700 0.000000 1.187100 0.757500
4.576900 4.399800 4.223200 1.617100 2.572500 3.179400 2.290700 2.903900 1.633400 0.683500 2.562400 3.057000 0.948000 0.413500 2.907700 1.127500 1.322800 2.070900 0.596100 0.734000 1.763300 1.000700 1.489400 0.254000 0.639400 0.520500 0.690200 1.177500 4.807400 3.781100 1.621000 1.358300 1.666300 4.344000 2.144300 3.498300 1.432800 1.228200 1.600200 1.118300 0.196100 1.440500 1.124900 1.218000 0.841700 1.881000 2.123800 1.659000 1.187100 0.000000 0.852900
4.824300 3.608900 3.449800 1.396500 2.153200 3.080200 2.018700 2.656600 1.665300 1.511800 1.786400 3.130900 0.523300 0.462200 2.146200 1.080400 0.689300 1.881200 0.291400 0.464200 1.015800 0.541700 2.342100 1.010200 1.482900 0.552700 0.701500 0.724200 3.973800 2.941300 1.295600 0.664000 0.882900 3.622500 1.541500 3.591700 0.653900 0.891600 0.780600 1.174300 0.723700 1.058000 0.960700 1.142200 0.175800 1.435500 1.612100 1.219800 0.757500 0.852900 0.000000
